(kicad_pcb (version 20171130) (host pcbnew "(5.0.1)-3")

  (general
    (thickness 1.6)
    (drawings 12)
    (tracks 307)
    (zones 0)
    (modules 50)
    (nets 21)
  )

  (page A4)
  (layers
    (0 F.Cu signal)
    (31 B.Cu signal)
    (32 B.Adhes user)
    (33 F.Adhes user)
    (34 B.Paste user)
    (35 F.Paste user)
    (36 B.SilkS user)
    (37 F.SilkS user)
    (38 B.Mask user)
    (39 F.Mask user)
    (40 Dwgs.User user)
    (41 Cmts.User user)
    (42 Eco1.User user)
    (43 Eco2.User user)
    (44 Edge.Cuts user)
    (45 Margin user)
    (46 B.CrtYd user)
    (47 F.CrtYd user)
    (48 B.Fab user)
    (49 F.Fab user)
  )

  (setup
    (last_trace_width 0.5)
    (user_trace_width 0.25)
    (user_trace_width 0.5)
    (user_trace_width 1)
    (trace_clearance 0.2)
    (zone_clearance 0.508)
    (zone_45_only no)
    (trace_min 0.2)
    (segment_width 0.2)
    (edge_width 0.1)
    (via_size 0.8)
    (via_drill 0.4)
    (via_min_size 0.4)
    (via_min_drill 0.3)
    (uvia_size 0.3)
    (uvia_drill 0.1)
    (uvias_allowed no)
    (uvia_min_size 0.2)
    (uvia_min_drill 0.1)
    (pcb_text_width 0.3)
    (pcb_text_size 1.5 1.5)
    (mod_edge_width 0.15)
    (mod_text_size 1 1)
    (mod_text_width 0.15)
    (pad_size 1.15 1.4)
    (pad_drill 0)
    (pad_to_mask_clearance 0)
    (solder_mask_min_width 0.25)
    (aux_axis_origin 0 0)
    (visible_elements 7FFFFFFF)
    (pcbplotparams
      (layerselection 0x010fc_ffffffff)
      (usegerberextensions false)
      (usegerberattributes false)
      (usegerberadvancedattributes false)
      (creategerberjobfile false)
      (excludeedgelayer true)
      (linewidth 0.100000)
      (plotframeref false)
      (viasonmask false)
      (mode 1)
      (useauxorigin false)
      (hpglpennumber 1)
      (hpglpenspeed 20)
      (hpglpendiameter 15.000000)
      (psnegative false)
      (psa4output false)
      (plotreference true)
      (plotvalue true)
      (plotinvisibletext false)
      (padsonsilk false)
      (subtractmaskfromsilk false)
      (outputformat 1)
      (mirror false)
      (drillshape 1)
      (scaleselection 1)
      (outputdirectory ""))
  )

  (net 0 "")
  (net 1 "Net-(C1-Pad1)")
  (net 2 "Net-(C1-Pad2)")
  (net 3 "Net-(C2-Pad1)")
  (net 4 "Net-(C3-Pad1)")
  (net 5 GND)
  (net 6 "Net-(Cc1-Pad1)")
  (net 7 "Net-(Cc1-Pad2)")
  (net 8 "Net-(J1-Pad1)")
  (net 9 "Net-(J1-Pad2)")
  (net 10 "Net-(J1-Pad3)")
  (net 11 "Net-(J1-Pad4)")
  (net 12 "Net-(J1-Pad5)")
  (net 13 "Net-(J1-Pad8)")
  (net 14 "Net-(J1-Pad11)")
  (net 15 "Net-(J1-Pad12)")
  (net 16 "Net-(J1-Pad13)")
  (net 17 "Net-(J1-Pad14)")
  (net 18 "Net-(J2-Pad1)")
  (net 19 "Net-(L1-Pad1)")
  (net 20 "Net-(C4-Pad1)")

  (net_class Default "This is the default net class."
    (clearance 0.2)
    (trace_width 0.25)
    (via_dia 0.8)
    (via_drill 0.4)
    (uvia_dia 0.3)
    (uvia_drill 0.1)
    (add_net GND)
    (add_net "Net-(C1-Pad1)")
    (add_net "Net-(C1-Pad2)")
    (add_net "Net-(C2-Pad1)")
    (add_net "Net-(C3-Pad1)")
    (add_net "Net-(C4-Pad1)")
    (add_net "Net-(Cc1-Pad1)")
    (add_net "Net-(Cc1-Pad2)")
    (add_net "Net-(J1-Pad1)")
    (add_net "Net-(J1-Pad11)")
    (add_net "Net-(J1-Pad12)")
    (add_net "Net-(J1-Pad13)")
    (add_net "Net-(J1-Pad14)")
    (add_net "Net-(J1-Pad2)")
    (add_net "Net-(J1-Pad3)")
    (add_net "Net-(J1-Pad4)")
    (add_net "Net-(J1-Pad5)")
    (add_net "Net-(J1-Pad8)")
    (add_net "Net-(J2-Pad1)")
    (add_net "Net-(L1-Pad1)")
  )

  (module 9530B:SMA_9530B (layer F.Cu) (tedit 5D83D326) (tstamp 5D903DA3)
    (at 47.625 71.755 90)
    (path /5D731CCA)
    (fp_text reference J3 (at 0 10.16 90) (layer F.SilkS)
      (effects (font (size 1 1) (thickness 0.15)))
    )
    (fp_text value Amp (at 0 -11.43 90) (layer F.Fab)
      (effects (font (size 1 1) (thickness 0.15)))
    )
    (fp_line (start -6.35 6.35) (end -6.35 -6.35) (layer F.SilkS) (width 0.15))
    (fp_line (start 6.35 6.35) (end -6.35 6.35) (layer F.SilkS) (width 0.15))
    (fp_line (start 6.35 -6.35) (end 6.35 6.35) (layer F.SilkS) (width 0.15))
    (fp_line (start -6.35 -6.35) (end 6.35 -6.35) (layer F.SilkS) (width 0.15))
    (pad 2 thru_hole circle (at 4.318 3.937 90) (size 2.8 2.8) (drill 2.3) (layers *.Cu *.Mask)
      (net 5 GND))
    (pad 2 thru_hole circle (at -3.937 3.937 90) (size 2.8 2.8) (drill 2.3) (layers *.Cu *.Mask)
      (net 5 GND))
    (pad 2 thru_hole circle (at -3.937 -4.318 90) (size 2.8 2.8) (drill 2.3) (layers *.Cu *.Mask)
      (net 5 GND))
    (pad 2 thru_hole circle (at 4.318 -4.318 90) (size 2.8 2.8) (drill 2.3) (layers *.Cu *.Mask)
      (net 5 GND))
    (pad 1 thru_hole circle (at 0 0 90) (size 2 2) (drill 1.23) (layers *.Cu *.Mask)
      (net 6 "Net-(Cc1-Pad1)"))
  )

  (module Resistor_SMD:R_0805_2012Metric_Pad1.15x1.40mm_HandSolder (layer F.Cu) (tedit 5DA606D5) (tstamp 5D903EA2)
    (at 51.825 62.23 180)
    (descr "Resistor SMD 0805 (2012 Metric), square (rectangular) end terminal, IPC_7351 nominal with elongated pad for handsoldering. (Body size source: https://docs.google.com/spreadsheets/d/1BsfQQcO9C6DZCsRaXUlFlo91Tg2WpOkGARC1WS5S8t0/edit?usp=sharing), generated with kicad-footprint-generator")
    (tags "resistor handsolder")
    (path /5D76A4B1)
    (attr smd)
    (fp_text reference Rc1 (at 0 -1.65 180) (layer F.SilkS)
      (effects (font (size 1 1) (thickness 0.15)))
    )
    (fp_text value "50 ohm" (at 0 1.65 180) (layer F.Fab)
      (effects (font (size 1 1) (thickness 0.15)))
    )
    (fp_text user %R (at 0 0 180) (layer F.Fab)
      (effects (font (size 0.5 0.5) (thickness 0.08)))
    )
    (fp_line (start 1.85 0.95) (end -1.85 0.95) (layer F.CrtYd) (width 0.05))
    (fp_line (start 1.85 -0.95) (end 1.85 0.95) (layer F.CrtYd) (width 0.05))
    (fp_line (start -1.85 -0.95) (end 1.85 -0.95) (layer F.CrtYd) (width 0.05))
    (fp_line (start -1.85 0.95) (end -1.85 -0.95) (layer F.CrtYd) (width 0.05))
    (fp_line (start -0.261252 0.71) (end 0.261252 0.71) (layer F.SilkS) (width 0.12))
    (fp_line (start -0.261252 -0.71) (end 0.261252 -0.71) (layer F.SilkS) (width 0.12))
    (fp_line (start 1 0.6) (end -1 0.6) (layer F.Fab) (width 0.1))
    (fp_line (start 1 -0.6) (end 1 0.6) (layer F.Fab) (width 0.1))
    (fp_line (start -1 -0.6) (end 1 -0.6) (layer F.Fab) (width 0.1))
    (fp_line (start -1 0.6) (end -1 -0.6) (layer F.Fab) (width 0.1))
    (pad 2 smd roundrect (at 1.025 0 180) (size 1.15 1.4) (layers B.Cu F.Paste F.Mask) (roundrect_rratio 0.217)
      (net 5 GND))
    (pad 1 smd roundrect (at -1.025 0 180) (size 1.15 1.4) (layers B.Cu F.Paste F.Mask) (roundrect_rratio 0.217)
      (net 6 "Net-(Cc1-Pad1)"))
    (model ${KISYS3DMOD}/Resistor_SMD.3dshapes/R_0805_2012Metric.wrl
      (at (xyz 0 0 0))
      (scale (xyz 1 1 1))
      (rotate (xyz 0 0 0))
    )
  )

  (module Resistor_SMD:R_0805_2012Metric_Pad1.15x1.40mm_HandSolder (layer B.Cu) (tedit 5B36C52B) (tstamp 5DA6278B)
    (at 81.525 102.87 180)
    (descr "Resistor SMD 0805 (2012 Metric), square (rectangular) end terminal, IPC_7351 nominal with elongated pad for handsoldering. (Body size source: https://docs.google.com/spreadsheets/d/1BsfQQcO9C6DZCsRaXUlFlo91Tg2WpOkGARC1WS5S8t0/edit?usp=sharing), generated with kicad-footprint-generator")
    (tags "resistor handsolder")
    (path /5D713868)
    (attr smd)
    (fp_text reference R2 (at 0 1.65 180) (layer B.SilkS)
      (effects (font (size 1 1) (thickness 0.15)) (justify mirror))
    )
    (fp_text value "100K ohm" (at 0 -1.65 180) (layer B.Fab)
      (effects (font (size 1 1) (thickness 0.15)) (justify mirror))
    )
    (fp_line (start -1 -0.6) (end -1 0.6) (layer B.Fab) (width 0.1))
    (fp_line (start -1 0.6) (end 1 0.6) (layer B.Fab) (width 0.1))
    (fp_line (start 1 0.6) (end 1 -0.6) (layer B.Fab) (width 0.1))
    (fp_line (start 1 -0.6) (end -1 -0.6) (layer B.Fab) (width 0.1))
    (fp_line (start -0.261252 0.71) (end 0.261252 0.71) (layer B.SilkS) (width 0.12))
    (fp_line (start -0.261252 -0.71) (end 0.261252 -0.71) (layer B.SilkS) (width 0.12))
    (fp_line (start -1.85 -0.95) (end -1.85 0.95) (layer B.CrtYd) (width 0.05))
    (fp_line (start -1.85 0.95) (end 1.85 0.95) (layer B.CrtYd) (width 0.05))
    (fp_line (start 1.85 0.95) (end 1.85 -0.95) (layer B.CrtYd) (width 0.05))
    (fp_line (start 1.85 -0.95) (end -1.85 -0.95) (layer B.CrtYd) (width 0.05))
    (fp_text user %R (at 0 0 180) (layer B.Fab)
      (effects (font (size 0.5 0.5) (thickness 0.08)) (justify mirror))
    )
    (pad 1 smd roundrect (at -1.025 0 180) (size 1.15 1.4) (layers B.Cu B.Paste B.Mask) (roundrect_rratio 0.217391))
    (pad 2 smd roundrect (at 1.025 0 180) (size 1.15 1.4) (layers B.Cu B.Paste B.Mask) (roundrect_rratio 0.217391))
    (model ${KISYS3DMOD}/Resistor_SMD.3dshapes/R_0805_2012Metric.wrl
      (at (xyz 0 0 0))
      (scale (xyz 1 1 1))
      (rotate (xyz 0 0 0))
    )
  )

  (module Inductor_SMD:L_0805_2012Metric_Pad1.15x1.40mm_HandSolder (layer F.Cu) (tedit 5DA605BF) (tstamp 5DA6277B)
    (at 81.28 144.78)
    (descr "Capacitor SMD 0805 (2012 Metric), square (rectangular) end terminal, IPC_7351 nominal with elongated pad for handsoldering. (Body size source: https://docs.google.com/spreadsheets/d/1BsfQQcO9C6DZCsRaXUlFlo91Tg2WpOkGARC1WS5S8t0/edit?usp=sharing), generated with kicad-footprint-generator")
    (tags "inductor handsolder")
    (path /5D7B1C34)
    (attr smd)
    (fp_text reference L1 (at 0 -1.65) (layer F.SilkS)
      (effects (font (size 1 1) (thickness 0.15)))
    )
    (fp_text value L (at 0 1.65) (layer F.Fab)
      (effects (font (size 1 1) (thickness 0.15)))
    )
    (fp_text user %R (at 0 0) (layer F.Fab)
      (effects (font (size 0.5 0.5) (thickness 0.08)))
    )
    (fp_line (start 1.85 0.95) (end -1.85 0.95) (layer F.CrtYd) (width 0.05))
    (fp_line (start 1.85 -0.95) (end 1.85 0.95) (layer F.CrtYd) (width 0.05))
    (fp_line (start -1.85 -0.95) (end 1.85 -0.95) (layer F.CrtYd) (width 0.05))
    (fp_line (start -1.85 0.95) (end -1.85 -0.95) (layer F.CrtYd) (width 0.05))
    (fp_line (start -0.261252 0.71) (end 0.261252 0.71) (layer F.SilkS) (width 0.12))
    (fp_line (start -0.261252 -0.71) (end 0.261252 -0.71) (layer F.SilkS) (width 0.12))
    (fp_line (start 1 0.6) (end -1 0.6) (layer F.Fab) (width 0.1))
    (fp_line (start 1 -0.6) (end 1 0.6) (layer F.Fab) (width 0.1))
    (fp_line (start -1 -0.6) (end 1 -0.6) (layer F.Fab) (width 0.1))
    (fp_line (start -1 0.6) (end -1 -0.6) (layer F.Fab) (width 0.1))
    (pad 2 smd roundrect (at 1.025 0) (size 1.15 1.4) (layers B.Cu F.Paste F.Mask) (roundrect_rratio 0.217))
    (pad 1 smd roundrect (at -1.025 0) (size 1.15 1.4) (layers B.Cu F.Paste F.Mask) (roundrect_rratio 0.217))
    (model ${KISYS3DMOD}/Inductor_SMD.3dshapes/L_0805_2012Metric.wrl
      (at (xyz 0 0 0))
      (scale (xyz 1 1 1))
      (rotate (xyz 0 0 0))
    )
  )

  (module Capacitor_THT:C_Disc_D6.0mm_W2.5mm_P5.00mm (layer F.Cu) (tedit 5AE50EF0) (tstamp 5DA627CB)
    (at 80.645 122.555 90)
    (descr "C, Disc series, Radial, pin pitch=5.00mm, , diameter*width=6*2.5mm^2, Capacitor, http://cdn-reichelt.de/documents/datenblatt/B300/DS_KERKO_TC.pdf")
    (tags "C Disc series Radial pin pitch 5.00mm  diameter 6mm width 2.5mm Capacitor")
    (path /5D713FB2)
    (fp_text reference C3 (at 2.5 -2.5 90) (layer F.SilkS)
      (effects (font (size 1 1) (thickness 0.15)))
    )
    (fp_text value 0.01uF (at 2.5 2.5 90) (layer F.Fab)
      (effects (font (size 1 1) (thickness 0.15)))
    )
    (fp_line (start -0.5 -1.25) (end -0.5 1.25) (layer F.Fab) (width 0.1))
    (fp_line (start -0.5 1.25) (end 5.5 1.25) (layer F.Fab) (width 0.1))
    (fp_line (start 5.5 1.25) (end 5.5 -1.25) (layer F.Fab) (width 0.1))
    (fp_line (start 5.5 -1.25) (end -0.5 -1.25) (layer F.Fab) (width 0.1))
    (fp_line (start -0.62 -1.37) (end 5.62 -1.37) (layer F.SilkS) (width 0.12))
    (fp_line (start -0.62 1.37) (end 5.62 1.37) (layer F.SilkS) (width 0.12))
    (fp_line (start -0.62 -1.37) (end -0.62 -0.925) (layer F.SilkS) (width 0.12))
    (fp_line (start -0.62 0.925) (end -0.62 1.37) (layer F.SilkS) (width 0.12))
    (fp_line (start 5.62 -1.37) (end 5.62 -0.925) (layer F.SilkS) (width 0.12))
    (fp_line (start 5.62 0.925) (end 5.62 1.37) (layer F.SilkS) (width 0.12))
    (fp_line (start -1.05 -1.5) (end -1.05 1.5) (layer F.CrtYd) (width 0.05))
    (fp_line (start -1.05 1.5) (end 6.05 1.5) (layer F.CrtYd) (width 0.05))
    (fp_line (start 6.05 1.5) (end 6.05 -1.5) (layer F.CrtYd) (width 0.05))
    (fp_line (start 6.05 -1.5) (end -1.05 -1.5) (layer F.CrtYd) (width 0.05))
    (fp_text user %R (at 2.5 0 90) (layer F.Fab)
      (effects (font (size 1 1) (thickness 0.15)))
    )
    (pad 1 thru_hole circle (at 0 0 90) (size 1.6 1.6) (drill 0.8) (layers *.Cu *.Mask))
    (pad 2 thru_hole circle (at 5 0 90) (size 1.6 1.6) (drill 0.8) (layers *.Cu *.Mask))
    (model ${KISYS3DMOD}/Capacitor_THT.3dshapes/C_Disc_D6.0mm_W2.5mm_P5.00mm.wrl
      (at (xyz 0 0 0))
      (scale (xyz 1 1 1))
      (rotate (xyz 0 0 0))
    )
  )

  (module Resistor_SMD:R_0805_2012Metric_Pad1.15x1.40mm_HandSolder (layer B.Cu) (tedit 5B36C52B) (tstamp 5DA6279B)
    (at 85.97 107.95 180)
    (descr "Resistor SMD 0805 (2012 Metric), square (rectangular) end terminal, IPC_7351 nominal with elongated pad for handsoldering. (Body size source: https://docs.google.com/spreadsheets/d/1BsfQQcO9C6DZCsRaXUlFlo91Tg2WpOkGARC1WS5S8t0/edit?usp=sharing), generated with kicad-footprint-generator")
    (tags "resistor handsolder")
    (path /5D713D92)
    (attr smd)
    (fp_text reference R4 (at 0 1.65 180) (layer B.SilkS)
      (effects (font (size 1 1) (thickness 0.15)) (justify mirror))
    )
    (fp_text value "100K ohm" (at 0 -1.65 180) (layer B.Fab)
      (effects (font (size 1 1) (thickness 0.15)) (justify mirror))
    )
    (fp_line (start -1 -0.6) (end -1 0.6) (layer B.Fab) (width 0.1))
    (fp_line (start -1 0.6) (end 1 0.6) (layer B.Fab) (width 0.1))
    (fp_line (start 1 0.6) (end 1 -0.6) (layer B.Fab) (width 0.1))
    (fp_line (start 1 -0.6) (end -1 -0.6) (layer B.Fab) (width 0.1))
    (fp_line (start -0.261252 0.71) (end 0.261252 0.71) (layer B.SilkS) (width 0.12))
    (fp_line (start -0.261252 -0.71) (end 0.261252 -0.71) (layer B.SilkS) (width 0.12))
    (fp_line (start -1.85 -0.95) (end -1.85 0.95) (layer B.CrtYd) (width 0.05))
    (fp_line (start -1.85 0.95) (end 1.85 0.95) (layer B.CrtYd) (width 0.05))
    (fp_line (start 1.85 0.95) (end 1.85 -0.95) (layer B.CrtYd) (width 0.05))
    (fp_line (start 1.85 -0.95) (end -1.85 -0.95) (layer B.CrtYd) (width 0.05))
    (fp_text user %R (at 0 0 180) (layer B.Fab)
      (effects (font (size 0.5 0.5) (thickness 0.08)) (justify mirror))
    )
    (pad 1 smd roundrect (at -1.025 0 180) (size 1.15 1.4) (layers B.Cu B.Paste B.Mask) (roundrect_rratio 0.217391))
    (pad 2 smd roundrect (at 1.025 0 180) (size 1.15 1.4) (layers B.Cu B.Paste B.Mask) (roundrect_rratio 0.217391))
    (model ${KISYS3DMOD}/Resistor_SMD.3dshapes/R_0805_2012Metric.wrl
      (at (xyz 0 0 0))
      (scale (xyz 1 1 1))
      (rotate (xyz 0 0 0))
    )
  )

  (module 9530B:SMA_9530B (layer F.Cu) (tedit 5D83D326) (tstamp 5DA62807)
    (at 48.895 141.605 90)
    (path /5D731CCA)
    (fp_text reference J3 (at 0 10.16 90) (layer F.SilkS)
      (effects (font (size 1 1) (thickness 0.15)))
    )
    (fp_text value Amp (at 0 -11.43 90) (layer F.Fab)
      (effects (font (size 1 1) (thickness 0.15)))
    )
    (fp_line (start -6.35 -6.35) (end 6.35 -6.35) (layer F.SilkS) (width 0.15))
    (fp_line (start 6.35 -6.35) (end 6.35 6.35) (layer F.SilkS) (width 0.15))
    (fp_line (start 6.35 6.35) (end -6.35 6.35) (layer F.SilkS) (width 0.15))
    (fp_line (start -6.35 6.35) (end -6.35 -6.35) (layer F.SilkS) (width 0.15))
    (pad 1 thru_hole circle (at 0 0 90) (size 2 2) (drill 1.23) (layers *.Cu *.Mask))
    (pad 2 thru_hole circle (at 4.318 -4.318 90) (size 2.8 2.8) (drill 2.3) (layers *.Cu *.Mask))
    (pad 2 thru_hole circle (at -3.937 -4.318 90) (size 2.8 2.8) (drill 2.3) (layers *.Cu *.Mask))
    (pad 2 thru_hole circle (at -3.937 3.937 90) (size 2.8 2.8) (drill 2.3) (layers *.Cu *.Mask))
    (pad 2 thru_hole circle (at 4.318 3.937 90) (size 2.8 2.8) (drill 2.3) (layers *.Cu *.Mask))
  )

  (module Capacitor_THT:C_Disc_D6.0mm_W2.5mm_P5.00mm (layer F.Cu) (tedit 5AE50EF0) (tstamp 5DA627F3)
    (at 88.265 122.555 90)
    (descr "C, Disc series, Radial, pin pitch=5.00mm, , diameter*width=6*2.5mm^2, Capacitor, http://cdn-reichelt.de/documents/datenblatt/B300/DS_KERKO_TC.pdf")
    (tags "C Disc series Radial pin pitch 5.00mm  diameter 6mm width 2.5mm Capacitor")
    (path /5D7140D7)
    (fp_text reference C1 (at 2.5 -2.5 90) (layer F.SilkS)
      (effects (font (size 1 1) (thickness 0.15)))
    )
    (fp_text value 0.001uF (at 2.5 2.5 90) (layer F.Fab)
      (effects (font (size 1 1) (thickness 0.15)))
    )
    (fp_line (start -0.5 -1.25) (end -0.5 1.25) (layer F.Fab) (width 0.1))
    (fp_line (start -0.5 1.25) (end 5.5 1.25) (layer F.Fab) (width 0.1))
    (fp_line (start 5.5 1.25) (end 5.5 -1.25) (layer F.Fab) (width 0.1))
    (fp_line (start 5.5 -1.25) (end -0.5 -1.25) (layer F.Fab) (width 0.1))
    (fp_line (start -0.62 -1.37) (end 5.62 -1.37) (layer F.SilkS) (width 0.12))
    (fp_line (start -0.62 1.37) (end 5.62 1.37) (layer F.SilkS) (width 0.12))
    (fp_line (start -0.62 -1.37) (end -0.62 -0.925) (layer F.SilkS) (width 0.12))
    (fp_line (start -0.62 0.925) (end -0.62 1.37) (layer F.SilkS) (width 0.12))
    (fp_line (start 5.62 -1.37) (end 5.62 -0.925) (layer F.SilkS) (width 0.12))
    (fp_line (start 5.62 0.925) (end 5.62 1.37) (layer F.SilkS) (width 0.12))
    (fp_line (start -1.05 -1.5) (end -1.05 1.5) (layer F.CrtYd) (width 0.05))
    (fp_line (start -1.05 1.5) (end 6.05 1.5) (layer F.CrtYd) (width 0.05))
    (fp_line (start 6.05 1.5) (end 6.05 -1.5) (layer F.CrtYd) (width 0.05))
    (fp_line (start 6.05 -1.5) (end -1.05 -1.5) (layer F.CrtYd) (width 0.05))
    (fp_text user %R (at 2.5 0 90) (layer F.Fab)
      (effects (font (size 1 1) (thickness 0.15)))
    )
    (pad 1 thru_hole circle (at 0 0 90) (size 1.6 1.6) (drill 0.8) (layers *.Cu *.Mask))
    (pad 2 thru_hole circle (at 5 0 90) (size 1.6 1.6) (drill 0.8) (layers *.Cu *.Mask))
    (model ${KISYS3DMOD}/Capacitor_THT.3dshapes/C_Disc_D6.0mm_W2.5mm_P5.00mm.wrl
      (at (xyz 0 0 0))
      (scale (xyz 1 1 1))
      (rotate (xyz 0 0 0))
    )
  )

  (module 9530B:Socket_9530B (layer F.Cu) (tedit 5D72A6CF) (tstamp 5DA627DF)
    (at 83.82 114.3)
    (path /5D737982)
    (fp_text reference J1 (at 0 22.86) (layer F.SilkS)
      (effects (font (size 1 1) (thickness 0.15)))
    )
    (fp_text value Socket (at 0 -22.606) (layer F.Fab)
      (effects (font (size 1 1) (thickness 0.15)))
    )
    (fp_circle (center 0 0) (end 11.775 0) (layer F.SilkS) (width 0.15))
    (fp_circle (center 0 0) (end 20.275 0) (layer F.SilkS) (width 0.15))
    (pad 15 thru_hole circle (at 6.132502 -14.80517 337.5) (size 3.65 3.65) (drill 1) (layers *.Cu *.Mask))
    (pad 14 thru_hole circle (at 11.331386 -11.331386 315) (size 3.65 3.65) (drill 1) (layers *.Cu *.Mask))
    (pad 13 thru_hole circle (at 14.80517 -6.132502 292.5) (size 3.65 3.65) (drill 1) (layers *.Cu *.Mask))
    (pad 12 thru_hole circle (at 16.025 0 270) (size 3.65 3.65) (drill 1) (layers *.Cu *.Mask))
    (pad 11 thru_hole circle (at 14.80517 6.132502 247.5) (size 3.65 3.65) (drill 1) (layers *.Cu *.Mask))
    (pad 10 thru_hole circle (at 11.331386 11.331386 225) (size 3.65 3.65) (drill 1) (layers *.Cu *.Mask))
    (pad 9 thru_hole circle (at 6.132502 14.80517 202.5) (size 3.65 3.65) (drill 1) (layers *.Cu *.Mask))
    (pad 8 thru_hole circle (at 0 16.025 180) (size 3.65 3.65) (drill 1) (layers *.Cu *.Mask))
    (pad 7 thru_hole circle (at -6.132502 14.80517 157.5) (size 3.65 3.65) (drill 1) (layers *.Cu *.Mask))
    (pad 6 thru_hole circle (at -11.331386 11.331386 135) (size 3.65 3.65) (drill 1) (layers *.Cu *.Mask))
    (pad 5 thru_hole circle (at -14.80517 6.132502 112.5) (size 3.65 3.65) (drill 1) (layers *.Cu *.Mask))
    (pad 4 thru_hole circle (at -16.025 0 90) (size 3.65 3.65) (drill 1) (layers *.Cu *.Mask))
    (pad 3 thru_hole circle (at -14.80517 -6.132502 67.5) (size 3.65 3.65) (drill 1) (layers *.Cu *.Mask))
    (pad 2 thru_hole circle (at -11.331386 -11.331386 45) (size 3.65 3.65) (drill 1) (layers *.Cu *.Mask))
    (pad 1 thru_hole circle (at -6.132502 -14.80517 22.5) (size 3.65 3.65) (drill 1) (layers *.Cu *.Mask))
  )

  (module Resistor_SMD:R_0805_2012Metric_Pad1.15x1.40mm_HandSolder (layer B.Cu) (tedit 5B36C52B) (tstamp 5DA627AB)
    (at 93.1 109.855)
    (descr "Resistor SMD 0805 (2012 Metric), square (rectangular) end terminal, IPC_7351 nominal with elongated pad for handsoldering. (Body size source: https://docs.google.com/spreadsheets/d/1BsfQQcO9C6DZCsRaXUlFlo91Tg2WpOkGARC1WS5S8t0/edit?usp=sharing), generated with kicad-footprint-generator")
    (tags "resistor handsolder")
    (path /5D713E0A)
    (attr smd)
    (fp_text reference R5 (at 0 1.65) (layer B.SilkS)
      (effects (font (size 1 1) (thickness 0.15)) (justify mirror))
    )
    (fp_text value "100K ohm" (at 0 -1.65) (layer B.Fab)
      (effects (font (size 1 1) (thickness 0.15)) (justify mirror))
    )
    (fp_text user %R (at 0 0) (layer B.Fab)
      (effects (font (size 0.5 0.5) (thickness 0.08)) (justify mirror))
    )
    (fp_line (start 1.85 -0.95) (end -1.85 -0.95) (layer B.CrtYd) (width 0.05))
    (fp_line (start 1.85 0.95) (end 1.85 -0.95) (layer B.CrtYd) (width 0.05))
    (fp_line (start -1.85 0.95) (end 1.85 0.95) (layer B.CrtYd) (width 0.05))
    (fp_line (start -1.85 -0.95) (end -1.85 0.95) (layer B.CrtYd) (width 0.05))
    (fp_line (start -0.261252 -0.71) (end 0.261252 -0.71) (layer B.SilkS) (width 0.12))
    (fp_line (start -0.261252 0.71) (end 0.261252 0.71) (layer B.SilkS) (width 0.12))
    (fp_line (start 1 -0.6) (end -1 -0.6) (layer B.Fab) (width 0.1))
    (fp_line (start 1 0.6) (end 1 -0.6) (layer B.Fab) (width 0.1))
    (fp_line (start -1 0.6) (end 1 0.6) (layer B.Fab) (width 0.1))
    (fp_line (start -1 -0.6) (end -1 0.6) (layer B.Fab) (width 0.1))
    (pad 2 smd roundrect (at 1.025 0) (size 1.15 1.4) (layers B.Cu B.Paste B.Mask) (roundrect_rratio 0.217391))
    (pad 1 smd roundrect (at -1.025 0) (size 1.15 1.4) (layers B.Cu B.Paste B.Mask) (roundrect_rratio 0.217391))
    (model ${KISYS3DMOD}/Resistor_SMD.3dshapes/R_0805_2012Metric.wrl
      (at (xyz 0 0 0))
      (scale (xyz 1 1 1))
      (rotate (xyz 0 0 0))
    )
  )

  (module Resistor_SMD:R_0805_2012Metric_Pad1.15x1.40mm_HandSolder (layer B.Cu) (tedit 5B36C52B) (tstamp 5DA6275B)
    (at 84.065 99.06)
    (descr "Resistor SMD 0805 (2012 Metric), square (rectangular) end terminal, IPC_7351 nominal with elongated pad for handsoldering. (Body size source: https://docs.google.com/spreadsheets/d/1BsfQQcO9C6DZCsRaXUlFlo91Tg2WpOkGARC1WS5S8t0/edit?usp=sharing), generated with kicad-footprint-generator")
    (tags "resistor handsolder")
    (path /5D73E29A)
    (attr smd)
    (fp_text reference R1 (at 0 1.65) (layer B.SilkS)
      (effects (font (size 1 1) (thickness 0.15)) (justify mirror))
    )
    (fp_text value Rk (at 0 -1.65) (layer B.Fab)
      (effects (font (size 1 1) (thickness 0.15)) (justify mirror))
    )
    (fp_text user %R (at 0 0) (layer B.Fab)
      (effects (font (size 0.5 0.5) (thickness 0.08)) (justify mirror))
    )
    (fp_line (start 1.85 -0.95) (end -1.85 -0.95) (layer B.CrtYd) (width 0.05))
    (fp_line (start 1.85 0.95) (end 1.85 -0.95) (layer B.CrtYd) (width 0.05))
    (fp_line (start -1.85 0.95) (end 1.85 0.95) (layer B.CrtYd) (width 0.05))
    (fp_line (start -1.85 -0.95) (end -1.85 0.95) (layer B.CrtYd) (width 0.05))
    (fp_line (start -0.261252 -0.71) (end 0.261252 -0.71) (layer B.SilkS) (width 0.12))
    (fp_line (start -0.261252 0.71) (end 0.261252 0.71) (layer B.SilkS) (width 0.12))
    (fp_line (start 1 -0.6) (end -1 -0.6) (layer B.Fab) (width 0.1))
    (fp_line (start 1 0.6) (end 1 -0.6) (layer B.Fab) (width 0.1))
    (fp_line (start -1 0.6) (end 1 0.6) (layer B.Fab) (width 0.1))
    (fp_line (start -1 -0.6) (end -1 0.6) (layer B.Fab) (width 0.1))
    (pad 2 smd roundrect (at 1.025 0) (size 1.15 1.4) (layers B.Cu B.Paste B.Mask) (roundrect_rratio 0.217391))
    (pad 1 smd roundrect (at -1.025 0) (size 1.15 1.4) (layers B.Cu B.Paste B.Mask) (roundrect_rratio 0.217391))
    (model ${KISYS3DMOD}/Resistor_SMD.3dshapes/R_0805_2012Metric.wrl
      (at (xyz 0 0 0))
      (scale (xyz 1 1 1))
      (rotate (xyz 0 0 0))
    )
  )

  (module Capacitor_THT:C_Disc_D10.5mm_W5.0mm_P5.00mm (layer F.Cu) (tedit 5AE50EF0) (tstamp 5DA62813)
    (at 59.055 132.08)
    (descr "C, Disc series, Radial, pin pitch=5.00mm, , diameter*width=10.5*5.0mm^2, Capacitor, http://www.vishay.com/docs/28535/vy2series.pdf")
    (tags "C Disc series Radial pin pitch 5.00mm  diameter 10.5mm width 5.0mm Capacitor")
    (path /5D714117)
    (fp_text reference C4 (at 2.5 -3.75) (layer F.SilkS)
      (effects (font (size 1 1) (thickness 0.15)))
    )
    (fp_text value 0.05uF (at 2.5 3.75) (layer F.Fab)
      (effects (font (size 1 1) (thickness 0.15)))
    )
    (fp_line (start -2.75 -2.5) (end -2.75 2.5) (layer F.Fab) (width 0.1))
    (fp_line (start -2.75 2.5) (end 7.75 2.5) (layer F.Fab) (width 0.1))
    (fp_line (start 7.75 2.5) (end 7.75 -2.5) (layer F.Fab) (width 0.1))
    (fp_line (start 7.75 -2.5) (end -2.75 -2.5) (layer F.Fab) (width 0.1))
    (fp_line (start -2.87 -2.62) (end 7.87 -2.62) (layer F.SilkS) (width 0.12))
    (fp_line (start -2.87 2.62) (end 7.87 2.62) (layer F.SilkS) (width 0.12))
    (fp_line (start -2.87 -2.62) (end -2.87 2.62) (layer F.SilkS) (width 0.12))
    (fp_line (start 7.87 -2.62) (end 7.87 2.62) (layer F.SilkS) (width 0.12))
    (fp_line (start -3 -2.75) (end -3 2.75) (layer F.CrtYd) (width 0.05))
    (fp_line (start -3 2.75) (end 8 2.75) (layer F.CrtYd) (width 0.05))
    (fp_line (start 8 2.75) (end 8 -2.75) (layer F.CrtYd) (width 0.05))
    (fp_line (start 8 -2.75) (end -3 -2.75) (layer F.CrtYd) (width 0.05))
    (fp_text user %R (at 2.5 0) (layer F.Fab)
      (effects (font (size 1 1) (thickness 0.15)))
    )
    (pad 1 thru_hole circle (at 0 0) (size 2 2) (drill 1) (layers *.Cu *.Mask))
    (pad 2 thru_hole circle (at 5 0) (size 2 2) (drill 1) (layers *.Cu *.Mask))
    (model ${KISYS3DMOD}/Capacitor_THT.3dshapes/C_Disc_D10.5mm_W5.0mm_P5.00mm.wrl
      (at (xyz 0 0 0))
      (scale (xyz 1 1 1))
      (rotate (xyz 0 0 0))
    )
  )

  (module Capacitor_THT:C_Disc_D6.0mm_W2.5mm_P5.00mm (layer F.Cu) (tedit 5AE50EF0) (tstamp 5DA6273A)
    (at 84.455 122.555 90)
    (descr "C, Disc series, Radial, pin pitch=5.00mm, , diameter*width=6*2.5mm^2, Capacitor, http://cdn-reichelt.de/documents/datenblatt/B300/DS_KERKO_TC.pdf")
    (tags "C Disc series Radial pin pitch 5.00mm  diameter 6mm width 2.5mm Capacitor")
    (path /5D714091)
    (fp_text reference C2 (at 2.5 -2.5 90) (layer F.SilkS)
      (effects (font (size 1 1) (thickness 0.15)))
    )
    (fp_text value 0.001uF (at 2.5 2.5 90) (layer F.Fab)
      (effects (font (size 1 1) (thickness 0.15)))
    )
    (fp_line (start -0.5 -1.25) (end -0.5 1.25) (layer F.Fab) (width 0.1))
    (fp_line (start -0.5 1.25) (end 5.5 1.25) (layer F.Fab) (width 0.1))
    (fp_line (start 5.5 1.25) (end 5.5 -1.25) (layer F.Fab) (width 0.1))
    (fp_line (start 5.5 -1.25) (end -0.5 -1.25) (layer F.Fab) (width 0.1))
    (fp_line (start -0.62 -1.37) (end 5.62 -1.37) (layer F.SilkS) (width 0.12))
    (fp_line (start -0.62 1.37) (end 5.62 1.37) (layer F.SilkS) (width 0.12))
    (fp_line (start -0.62 -1.37) (end -0.62 -0.925) (layer F.SilkS) (width 0.12))
    (fp_line (start -0.62 0.925) (end -0.62 1.37) (layer F.SilkS) (width 0.12))
    (fp_line (start 5.62 -1.37) (end 5.62 -0.925) (layer F.SilkS) (width 0.12))
    (fp_line (start 5.62 0.925) (end 5.62 1.37) (layer F.SilkS) (width 0.12))
    (fp_line (start -1.05 -1.5) (end -1.05 1.5) (layer F.CrtYd) (width 0.05))
    (fp_line (start -1.05 1.5) (end 6.05 1.5) (layer F.CrtYd) (width 0.05))
    (fp_line (start 6.05 1.5) (end 6.05 -1.5) (layer F.CrtYd) (width 0.05))
    (fp_line (start 6.05 -1.5) (end -1.05 -1.5) (layer F.CrtYd) (width 0.05))
    (fp_text user %R (at 2.5 0 90) (layer F.Fab)
      (effects (font (size 1 1) (thickness 0.15)))
    )
    (pad 1 thru_hole circle (at 0 0 90) (size 1.6 1.6) (drill 0.8) (layers *.Cu *.Mask))
    (pad 2 thru_hole circle (at 5 0 90) (size 1.6 1.6) (drill 0.8) (layers *.Cu *.Mask))
    (model ${KISYS3DMOD}/Capacitor_THT.3dshapes/C_Disc_D6.0mm_W2.5mm_P5.00mm.wrl
      (at (xyz 0 0 0))
      (scale (xyz 1 1 1))
      (rotate (xyz 0 0 0))
    )
  )

  (module Resistor_SMD:R_0805_2012Metric_Pad1.15x1.40mm_HandSolder (layer B.Cu) (tedit 5B36C52B) (tstamp 5DA6266B)
    (at 74.05 121.285 180)
    (descr "Resistor SMD 0805 (2012 Metric), square (rectangular) end terminal, IPC_7351 nominal with elongated pad for handsoldering. (Body size source: https://docs.google.com/spreadsheets/d/1BsfQQcO9C6DZCsRaXUlFlo91Tg2WpOkGARC1WS5S8t0/edit?usp=sharing), generated with kicad-footprint-generator")
    (tags "resistor handsolder")
    (path /5D713F1E)
    (attr smd)
    (fp_text reference R10 (at 0 1.65 180) (layer B.SilkS)
      (effects (font (size 1 1) (thickness 0.15)) (justify mirror))
    )
    (fp_text value "100K ohm" (at 0 -1.65 180) (layer B.Fab)
      (effects (font (size 1 1) (thickness 0.15)) (justify mirror))
    )
    (fp_line (start -1 -0.6) (end -1 0.6) (layer B.Fab) (width 0.1))
    (fp_line (start -1 0.6) (end 1 0.6) (layer B.Fab) (width 0.1))
    (fp_line (start 1 0.6) (end 1 -0.6) (layer B.Fab) (width 0.1))
    (fp_line (start 1 -0.6) (end -1 -0.6) (layer B.Fab) (width 0.1))
    (fp_line (start -0.261252 0.71) (end 0.261252 0.71) (layer B.SilkS) (width 0.12))
    (fp_line (start -0.261252 -0.71) (end 0.261252 -0.71) (layer B.SilkS) (width 0.12))
    (fp_line (start -1.85 -0.95) (end -1.85 0.95) (layer B.CrtYd) (width 0.05))
    (fp_line (start -1.85 0.95) (end 1.85 0.95) (layer B.CrtYd) (width 0.05))
    (fp_line (start 1.85 0.95) (end 1.85 -0.95) (layer B.CrtYd) (width 0.05))
    (fp_line (start 1.85 -0.95) (end -1.85 -0.95) (layer B.CrtYd) (width 0.05))
    (fp_text user %R (at 0 0 180) (layer B.Fab)
      (effects (font (size 0.5 0.5) (thickness 0.08)) (justify mirror))
    )
    (pad 1 smd roundrect (at -1.025 0 180) (size 1.15 1.4) (layers B.Cu B.Paste B.Mask) (roundrect_rratio 0.217391))
    (pad 2 smd roundrect (at 1.025 0 180) (size 1.15 1.4) (layers B.Cu B.Paste B.Mask) (roundrect_rratio 0.217391))
    (model ${KISYS3DMOD}/Resistor_SMD.3dshapes/R_0805_2012Metric.wrl
      (at (xyz 0 0 0))
      (scale (xyz 1 1 1))
      (rotate (xyz 0 0 0))
    )
  )

  (module Capacitor_THT:C_Disc_D10.5mm_W5.0mm_P5.00mm (layer F.Cu) (tedit 5AE50EF0) (tstamp 5DA62728)
    (at 59.055 138.43)
    (descr "C, Disc series, Radial, pin pitch=5.00mm, , diameter*width=10.5*5.0mm^2, Capacitor, http://www.vishay.com/docs/28535/vy2series.pdf")
    (tags "C Disc series Radial pin pitch 5.00mm  diameter 10.5mm width 5.0mm Capacitor")
    (path /5D731D49)
    (fp_text reference Cc1 (at 2.5 -3.75) (layer F.SilkS)
      (effects (font (size 1 1) (thickness 0.15)))
    )
    (fp_text value "4.7 nF" (at 2.5 3.75) (layer F.Fab)
      (effects (font (size 1 1) (thickness 0.15)))
    )
    (fp_text user %R (at 2.5 0) (layer F.Fab)
      (effects (font (size 1 1) (thickness 0.15)))
    )
    (fp_line (start 8 -2.75) (end -3 -2.75) (layer F.CrtYd) (width 0.05))
    (fp_line (start 8 2.75) (end 8 -2.75) (layer F.CrtYd) (width 0.05))
    (fp_line (start -3 2.75) (end 8 2.75) (layer F.CrtYd) (width 0.05))
    (fp_line (start -3 -2.75) (end -3 2.75) (layer F.CrtYd) (width 0.05))
    (fp_line (start 7.87 -2.62) (end 7.87 2.62) (layer F.SilkS) (width 0.12))
    (fp_line (start -2.87 -2.62) (end -2.87 2.62) (layer F.SilkS) (width 0.12))
    (fp_line (start -2.87 2.62) (end 7.87 2.62) (layer F.SilkS) (width 0.12))
    (fp_line (start -2.87 -2.62) (end 7.87 -2.62) (layer F.SilkS) (width 0.12))
    (fp_line (start 7.75 -2.5) (end -2.75 -2.5) (layer F.Fab) (width 0.1))
    (fp_line (start 7.75 2.5) (end 7.75 -2.5) (layer F.Fab) (width 0.1))
    (fp_line (start -2.75 2.5) (end 7.75 2.5) (layer F.Fab) (width 0.1))
    (fp_line (start -2.75 -2.5) (end -2.75 2.5) (layer F.Fab) (width 0.1))
    (pad 2 thru_hole circle (at 5 0) (size 2 2) (drill 1) (layers *.Cu *.Mask))
    (pad 1 thru_hole circle (at 0 0) (size 2 2) (drill 1) (layers *.Cu *.Mask))
    (model ${KISYS3DMOD}/Capacitor_THT.3dshapes/C_Disc_D10.5mm_W5.0mm_P5.00mm.wrl
      (at (xyz 0 0 0))
      (scale (xyz 1 1 1))
      (rotate (xyz 0 0 0))
    )
  )

  (module Resistor_SMD:R_0805_2012Metric_Pad1.15x1.40mm_HandSolder (layer F.Cu) (tedit 5DA605B4) (tstamp 5DA6267B)
    (at 80.01 140.97 270)
    (descr "Resistor SMD 0805 (2012 Metric), square (rectangular) end terminal, IPC_7351 nominal with elongated pad for handsoldering. (Body size source: https://docs.google.com/spreadsheets/d/1BsfQQcO9C6DZCsRaXUlFlo91Tg2WpOkGARC1WS5S8t0/edit?usp=sharing), generated with kicad-footprint-generator")
    (tags "resistor handsolder")
    (path /5D764190)
    (attr smd)
    (fp_text reference RL1 (at 0 -1.65 270) (layer F.SilkS)
      (effects (font (size 1 1) (thickness 0.15)))
    )
    (fp_text value "10K ohm" (at 0 1.65 270) (layer F.Fab)
      (effects (font (size 1 1) (thickness 0.15)))
    )
    (fp_text user %R (at 0 0 270) (layer F.Fab)
      (effects (font (size 0.5 0.5) (thickness 0.08)))
    )
    (fp_line (start 1.85 0.95) (end -1.85 0.95) (layer F.CrtYd) (width 0.05))
    (fp_line (start 1.85 -0.95) (end 1.85 0.95) (layer F.CrtYd) (width 0.05))
    (fp_line (start -1.85 -0.95) (end 1.85 -0.95) (layer F.CrtYd) (width 0.05))
    (fp_line (start -1.85 0.95) (end -1.85 -0.95) (layer F.CrtYd) (width 0.05))
    (fp_line (start -0.261252 0.71) (end 0.261252 0.71) (layer F.SilkS) (width 0.12))
    (fp_line (start -0.261252 -0.71) (end 0.261252 -0.71) (layer F.SilkS) (width 0.12))
    (fp_line (start 1 0.6) (end -1 0.6) (layer F.Fab) (width 0.1))
    (fp_line (start 1 -0.6) (end 1 0.6) (layer F.Fab) (width 0.1))
    (fp_line (start -1 -0.6) (end 1 -0.6) (layer F.Fab) (width 0.1))
    (fp_line (start -1 0.6) (end -1 -0.6) (layer F.Fab) (width 0.1))
    (pad 2 smd roundrect (at 1.025 0 270) (size 1.15 1.4) (layers B.Cu F.Paste F.Mask) (roundrect_rratio 0.217))
    (pad 1 smd roundrect (at -1.025 0 270) (size 1.15 1.4) (layers B.Cu F.Paste F.Mask) (roundrect_rratio 0.217))
    (model ${KISYS3DMOD}/Resistor_SMD.3dshapes/R_0805_2012Metric.wrl
      (at (xyz 0 0 0))
      (scale (xyz 1 1 1))
      (rotate (xyz 0 0 0))
    )
  )

  (module Resistor_SMD:R_0805_2012Metric_Pad1.15x1.40mm_HandSolder (layer B.Cu) (tedit 5B36C52B) (tstamp 5DA627BB)
    (at 94.615 114.3 90)
    (descr "Resistor SMD 0805 (2012 Metric), square (rectangular) end terminal, IPC_7351 nominal with elongated pad for handsoldering. (Body size source: https://docs.google.com/spreadsheets/d/1BsfQQcO9C6DZCsRaXUlFlo91Tg2WpOkGARC1WS5S8t0/edit?usp=sharing), generated with kicad-footprint-generator")
    (tags "resistor handsolder")
    (path /5D713E46)
    (attr smd)
    (fp_text reference R6 (at 0 1.65 90) (layer B.SilkS)
      (effects (font (size 1 1) (thickness 0.15)) (justify mirror))
    )
    (fp_text value "100K ohm" (at 0 -1.65 90) (layer B.Fab)
      (effects (font (size 1 1) (thickness 0.15)) (justify mirror))
    )
    (fp_line (start -1 -0.6) (end -1 0.6) (layer B.Fab) (width 0.1))
    (fp_line (start -1 0.6) (end 1 0.6) (layer B.Fab) (width 0.1))
    (fp_line (start 1 0.6) (end 1 -0.6) (layer B.Fab) (width 0.1))
    (fp_line (start 1 -0.6) (end -1 -0.6) (layer B.Fab) (width 0.1))
    (fp_line (start -0.261252 0.71) (end 0.261252 0.71) (layer B.SilkS) (width 0.12))
    (fp_line (start -0.261252 -0.71) (end 0.261252 -0.71) (layer B.SilkS) (width 0.12))
    (fp_line (start -1.85 -0.95) (end -1.85 0.95) (layer B.CrtYd) (width 0.05))
    (fp_line (start -1.85 0.95) (end 1.85 0.95) (layer B.CrtYd) (width 0.05))
    (fp_line (start 1.85 0.95) (end 1.85 -0.95) (layer B.CrtYd) (width 0.05))
    (fp_line (start 1.85 -0.95) (end -1.85 -0.95) (layer B.CrtYd) (width 0.05))
    (fp_text user %R (at 0 0 90) (layer B.Fab)
      (effects (font (size 0.5 0.5) (thickness 0.08)) (justify mirror))
    )
    (pad 1 smd roundrect (at -1.025 0 90) (size 1.15 1.4) (layers B.Cu B.Paste B.Mask) (roundrect_rratio 0.217391))
    (pad 2 smd roundrect (at 1.025 0 90) (size 1.15 1.4) (layers B.Cu B.Paste B.Mask) (roundrect_rratio 0.217391))
    (model ${KISYS3DMOD}/Resistor_SMD.3dshapes/R_0805_2012Metric.wrl
      (at (xyz 0 0 0))
      (scale (xyz 1 1 1))
      (rotate (xyz 0 0 0))
    )
  )

  (module Resistor_SMD:R_0805_2012Metric_Pad1.15x1.40mm_HandSolder (layer B.Cu) (tedit 5B36C52B) (tstamp 5DA6276B)
    (at 81.525 105.41)
    (descr "Resistor SMD 0805 (2012 Metric), square (rectangular) end terminal, IPC_7351 nominal with elongated pad for handsoldering. (Body size source: https://docs.google.com/spreadsheets/d/1BsfQQcO9C6DZCsRaXUlFlo91Tg2WpOkGARC1WS5S8t0/edit?usp=sharing), generated with kicad-footprint-generator")
    (tags "resistor handsolder")
    (path /5D713957)
    (attr smd)
    (fp_text reference R3 (at 0 1.65) (layer B.SilkS)
      (effects (font (size 1 1) (thickness 0.15)) (justify mirror))
    )
    (fp_text value "100K ohm" (at 0 -1.65) (layer B.Fab)
      (effects (font (size 1 1) (thickness 0.15)) (justify mirror))
    )
    (fp_text user %R (at 0 0) (layer B.Fab)
      (effects (font (size 0.5 0.5) (thickness 0.08)) (justify mirror))
    )
    (fp_line (start 1.85 -0.95) (end -1.85 -0.95) (layer B.CrtYd) (width 0.05))
    (fp_line (start 1.85 0.95) (end 1.85 -0.95) (layer B.CrtYd) (width 0.05))
    (fp_line (start -1.85 0.95) (end 1.85 0.95) (layer B.CrtYd) (width 0.05))
    (fp_line (start -1.85 -0.95) (end -1.85 0.95) (layer B.CrtYd) (width 0.05))
    (fp_line (start -0.261252 -0.71) (end 0.261252 -0.71) (layer B.SilkS) (width 0.12))
    (fp_line (start -0.261252 0.71) (end 0.261252 0.71) (layer B.SilkS) (width 0.12))
    (fp_line (start 1 -0.6) (end -1 -0.6) (layer B.Fab) (width 0.1))
    (fp_line (start 1 0.6) (end 1 -0.6) (layer B.Fab) (width 0.1))
    (fp_line (start -1 0.6) (end 1 0.6) (layer B.Fab) (width 0.1))
    (fp_line (start -1 -0.6) (end -1 0.6) (layer B.Fab) (width 0.1))
    (pad 2 smd roundrect (at 1.025 0) (size 1.15 1.4) (layers B.Cu B.Paste B.Mask) (roundrect_rratio 0.217391))
    (pad 1 smd roundrect (at -1.025 0) (size 1.15 1.4) (layers B.Cu B.Paste B.Mask) (roundrect_rratio 0.217391))
    (model ${KISYS3DMOD}/Resistor_SMD.3dshapes/R_0805_2012Metric.wrl
      (at (xyz 0 0 0))
      (scale (xyz 1 1 1))
      (rotate (xyz 0 0 0))
    )
  )

  (module Resistor_SMD:R_0805_2012Metric_Pad1.15x1.40mm_HandSolder (layer B.Cu) (tedit 5B36C52B) (tstamp 5DA6263B)
    (at 77.86 125.095)
    (descr "Resistor SMD 0805 (2012 Metric), square (rectangular) end terminal, IPC_7351 nominal with elongated pad for handsoldering. (Body size source: https://docs.google.com/spreadsheets/d/1BsfQQcO9C6DZCsRaXUlFlo91Tg2WpOkGARC1WS5S8t0/edit?usp=sharing), generated with kicad-footprint-generator")
    (tags "resistor handsolder")
    (path /5D713F60)
    (attr smd)
    (fp_text reference R11 (at 0 1.65) (layer B.SilkS)
      (effects (font (size 1 1) (thickness 0.15)) (justify mirror))
    )
